Tiempo por serie                , memoria utilizada 
2.8600000177902984e-05  5.80000005356851e-06  3.3999999686784577e-06  3.1000001854408765e-06  2.8999997994105797e-06  2.699999868127634e-06  2.8999997994105797e-06  2.7999999474559445e-06  2.900000026784255e-06  2.900000026784255e-06  2.900000026784255e-06  2.7999999474559445e-06  ,  0.0004119873046875 
 4.499999931795173e-06  2.9999998787388904e-06  2.699999868127634e-06  2.7000000955013093e-06  2.7999999474559445e-06  2.80000017482962e-06  2.7000000955013093e-06  2.7000000955013093e-06  2.7000000955013093e-06  2.7000000955013093e-06  2.80000017482962e-06  2.7000000955013093e-06  ,  0.00089263916015625 
 5.500000042957254e-06  3.099999958067201e-06  3.1000001854408765e-06  2.900000026784255e-06  2.900000026784255e-06  2.8999997994105797e-06  3.000000106112566e-06  3.000000106112566e-06  2.900000026784255e-06  2.900000026784255e-06  3.000000106112566e-06  2.900000026784255e-06  ,  0.0026092529296875 
 4.999999873689376e-06  3.5000000480067683e-06  3.2000000373955118e-06  3.099999958067201e-06  3.2000000373955118e-06  3.099999958067201e-06  3.099999958067201e-06  3.000000106112566e-06  3.2000000373955118e-06  3.099999958067201e-06  3.099999958067201e-06  2.9999998787388904e-06  ,  0.0036163330078125 
 4.800000169780105e-06  5.6000001222855644e-06  3.5000000480067683e-06  4.400000079840538e-06  3.3999999686784577e-06  3.299999889350147e-06  3.299999889350147e-06  3.3000001167238224e-06  3.2000000373955118e-06  3.2000000373955118e-06  3.3000001167238224e-06  3.299999889350147e-06  ,  0.00547027587890625 
 7.200000027296483e-06  5.8999999055231456e-06  5.000000101063051e-06  4.600000011123484e-06  4.600000011123484e-06  4.500000159168849e-06  4.499999931795173e-06  4.600000011123484e-06  4.600000011123484e-06  4.600000011123484e-06  4.500000159168849e-06  4.499999931795173e-06  ,  0.0094757080078125 
 1.0200000133409048e-05  7.200000027296483e-06  6.999999868639861e-06  6.799999937356915e-06  6.70000008540228e-06  6.799999937356915e-06  6.70000008540228e-06  6.600000006073969e-06  6.70000008540228e-06  6.70000008540228e-06  6.600000006073969e-06  6.799999937356915e-06  ,  0.0209197998046875 
 9.539999996377446e-05  2.6800000114235445e-05  1.2900000001536682e-05  9.499999805484549e-06  9.69999996414117e-06  9.500000032858225e-06  9.59999988481286e-06  9.69999996414117e-06  9.59999988481286e-06  9.700000191514846e-06  9.800000043469481e-06  9.500000032858225e-06  ,  0.0369415283203125 
 1.5699999948992627e-05  1.2199999900985858e-05  1.049999991664663e-05  1.1299999869152089e-05  1.0700000075303251e-05  1.049999991664663e-05  1.0799999927257886e-05  1.0800000154631562e-05  1.0400000064691994e-05  1.059999999597494e-05  1.0800000154631562e-05  1.0799999927257886e-05  ,  0.04666900634765625 
 1.4100000043981709e-05  2.3199999986900366e-05  1.13999999484804e-05  1.13999999484804e-05  1.2099999821657548e-05  1.1599999879763345e-05  1.13999999484804e-05  1.1599999879763345e-05  1.150000002780871e-05  1.1699999959091656e-05  1.160000010713702e-05  2.560000007179042e-05  ,  0.0575408935546875 
 1.3699999954042141e-05  2.2599999965677853e-05  1.1599999879763345e-05  1.049999991664663e-05  9.999999974752427e-06  1.049999991664663e-05  1.0299999985363684e-05  1.0799999927257886e-05  1.0700000075303251e-05  1.0199999906035373e-05  1.0299999985363684e-05  1.059999999597494e-05  ,  0.06955718994140625 
 1.4799999917158857e-05  1.059999999597494e-05  9.800000043469481e-06  9.900000122797792e-06  9.59999988481286e-06  9.69999996414117e-06  9.500000032858225e-06  9.600000112186535e-06  9.500000032858225e-06  9.800000043469481e-06  9.59999988481286e-06  9.799999816095806e-06  ,  0.0827178955078125 
 2.0100000028833165e-05  1.5300000086426735e-05  1.4700000065204222e-05  1.439999982721929e-05  1.4099999816608033e-05  1.4199999895936344e-05  1.420000012331002e-05  1.420000012331002e-05  1.4100000043981709e-05  1.4299999975264654e-05  1.4199999895936344e-05  1.4100000043981709e-05  ,  0.12906646728515625 
 5.519999990610813e-05  6.69999999445281e-05  5.2800000048591755e-05  3.839999999399879e-05  4.7200000153679866e-05  4.600000011123484e-05  2.3400000145556987e-05  4.330000001573353e-05  4.030000013699464e-05  4.409999996823899e-05  3.760000004149333e-05  3.5399999887886224e-05  ,  0.2292022705078125 
 4.569999987324991e-05  4.3900000036956044e-05  3.770000012082164e-05  3.749999996216502e-05  3.659999993033125e-05  3.6399999999048305e-05  5.390000001170847e-05  4.899999998997373e-05  3.9600000036443816e-05  3.839999999399879e-05  3.80000001314329e-05  3.799999990405922e-05  ,  0.35794830322265625 
 0.0001502000000073167  0.0001575000001139415  0.00015050000001792796  0.00013949999993201345  0.00014299999998002022  0.00010499999984858732  7.979999986673647e-05  7.129999994504033e-05  7.730000015726546e-05  7.240000013553072e-05  7.029999983387825e-05  6.970000004002941e-05  ,  0.5862579345703125 
 0.00026630000002114684  0.00018369999997958075  0.00012179999998807034  0.00012019999985568575  0.0001247000000148546  0.00012409999999363208  0.00012110000011489319  0.00012070000002495362  0.00012029999993501406  0.00012030000016238773  0.00012040000001434237  0.00012040000001434237  ,  0.9158477783203125 
 0.00036930000010215736  0.0003455000000940345  0.00023980000014489633  0.0002310999998371699  0.0002302000000327098  0.00023000000010142685  0.00023009999995338148  0.00023009999995338148  0.00023009999995338148  0.00022990000002209854  0.00022990000002209854  0.00022990000002209854  ,  1.4308319091796875 
 0.0008932000000640983  0.0009070999999494234  0.0007903999999143707  0.0005830000000059954  0.0005874000000858359  0.000573000000031243  0.0005774999999630381  0.0005744999998569256  0.0005727000000206317  0.000571600000057515  0.0005727000000206317  0.0005728999999519147  ,  2.8041229248046875 
 0.0027454999999463325  0.004429899999877307  0.004482900000084555  0.004174800000100731  0.0026973999999881926  0.0023447000000942353  0.0023745000000872096  0.0023375999999188934  0.002355599999873448  0.0024369000000206142  0.002432100000078208  0.002421800000092844  ,  5.7223663330078125 
 0.020540600000003906  0.021331200000076933  0.028243800000154806  0.021413200000097277  0.026904099999910613  0.030566099999987273  0.021516099999871585  0.023138799999969706  0.021113400000103866  0.021741000000019994  0.022285799999963274  0.022095199999967008  ,  22.888504028320312 
 0.139186699999982  0.14613269999995282  0.19092520000003788  0.15986679999991793  0.27038840000000164  0.2219124999999167  0.17831959999989522  0.2173600000000988  0.16107549999992443  0.16526439999984177  0.17270089999988159  0.15890269999999873  ,  91.55305480957031 
 1.9173083999999108  2.235654600000089  2.0181062000001475  2.451751800000011  2.2831023000001096  2.651489399999946  2.32917180000004  2.217250500000091  2.6276880999998866  2.2576500000000124  2.7439222999998947  2.203776199999993  ,  572.2049102783203 
 21.208593100000144  50.890237899999875  23.650786500000095  19.078264799999943  20.358387199999925  19.08591299999989  19.335910099999865  20.155453999999963  22.93469559999994  20.583295800000087  17.998749899999893  17.770025900000064  ,  2288.8186798095703 
 